table_name  row_count
----------  ---------
policies    678013   
claims      26639    
missing_IDpol  missing_ClaimNb  missing_Exposure  missing_Area  missing_VehPower  missing_VehAge  missing_DrivAge  missing_BonusMalus  missing_VehBrand  missing_VehGas  missing_Density  missing_Region
-------------  ---------------  ----------------  ------------  ----------------  --------------  ---------------  ------------------  ----------------  --------------  ---------------  --------------
0              0                0                 0             0                 0               0                0                   0                 0               0                0             
missing_IDpol  missing_ClaimAmount
-------------  -------------------
0              0                  
IDpol      ClaimAmount  duplicate_count
---------  -----------  ---------------
2262511.0  1500.0       6              
93954.0    1128.12      4              
2282134.0  1500.0       4              
2227533.0  1500.0       3              
2277762.0  1500.0       3              
2282134.0  10000.0      3              
3253234.0  1500.0       3              
4126439.0  1204.0       3              
4186720.0  1204.0       3              
18698.0    1128.12      2              
19887.0    1128.12      2              
24992.0    1128.12      2              
25763.0    1128.12      2              
29567.0    1128.12      2              
47912.0    1128.12      2              
54009.0    1128.12      2              
57501.0    1128.12      2              
58271.0    1128.12      2              
63581.0    1128.12      2              
64373.0    1128.12      2              
64761.0    1128.12      2              
69710.0    1128.12      2              
78130.0    1128.12      2              
80499.0    1128.12      2              
82396.0    1128.12      2              
84575.0    1128.12      2              
84723.0    1128.12      2              
85694.0    1128.12      2              
87044.0    1128.12      2              
94483.0    1128.12      2              
99249.0    1128.12      2              
106146.0   1128.12      2              
107107.0   1128.12      2              
109352.0   1128.12      2              
130375.0   1128.12      2              
131884.0   1128.12      2              
138936.0   1128.12      2              
139553.0   1128.12      2              
140398.0   1128.12      2              
141105.0   1128.12      2              
141256.0   1128.12      2              
149242.0   1128.12      2              
162695.0   1128.12      2              
163865.0   1128.12      2              
163873.0   1128.12      2              
171580.0   1128.12      2              
172022.0   1128.12      2              
172452.0   1128.12      2              
176081.0   1128.12      2              
176728.0   1128.12      2              
176908.0   1128.12      2              
1019419.0  1128.12      2              
1021466.0  1128.12      2              
1032003.0  1128.12      2              
1065109.0  1128.0       2              
1077644.0  1128.12      2              
1079938.0  1128.12      2              
1084245.0  1128.12      2              
1085175.0  1128.12      2              
1085375.0  1128.0       2              
1090455.0  1128.12      2              
1091000.0  1128.12      2              
1097391.0  1128.12      2              
1097726.0  1128.12      2              
1101835.0  1128.12      2              
1118709.0  1128.0       2              
1121261.0  1128.12      2              
1122437.0  1128.12      2              
1143066.0  1128.12      2              
1148801.0  1128.12      2              
1158712.0  1128.12      2              
1160542.0  1128.12      2              
1160785.0  1128.12      2              
1164212.0  1128.0       2              
1164984.0  1128.12      2              
1179086.0  1128.12      2              
1185529.0  69.51        2              
2013456.0  1172.0       2              
2019385.0  1172.0       2              
2019564.0  1172.0       2              
2029303.0  2324.17      2              
2052141.0  1172.0       2              
2060409.0  1172.0       2              
2060454.0  1172.0       2              
2062247.0  1172.0       2              
2064939.0  1172.0       2              
2064978.0  1172.0       2              
2067582.0  1172.0       2              
2069271.0  1172.0       2              
2069353.0  1172.0       2              
2069492.0  1172.0       2              
2070121.0  1172.0       2              
2070748.0  1172.0       2              
2071404.0  1172.0       2              
2071661.0  1172.0       2              
2075233.0  1172.0       2              
2077144.0  1172.0       2              
2078799.0  1172.0       2              
2080628.0  1172.0       2              
2081757.0  1172.0       2              
2086633.0  1172.0       2              
2091392.0  1172.0       2              
2098074.0  1172.0       2              
2100234.0  1172.0       2              
2100830.0  1172.0       2              
2102333.0  1172.0       2              
2103561.0  1172.0       2              
2103641.0  1172.0       2              
2103813.0  1172.0       2              
2104287.0  1172.0       2              
2109321.0  1172.0       2              
2111645.0  1172.0       2              
2112931.0  1172.0       2              
2120329.0  1172.0       2              
2136841.0  1172.0       2              
2139630.0  1172.0       2              
2142656.0  1172.0       2              
2151998.0  1172.0       2              
2153642.0  1172.0       2              
2182681.0  1172.0       2              
2187789.0  1172.0       2              
2188682.0  1172.0       2              
2191549.0  1172.0       2              
2200898.0  1172.0       2              
2208843.0  1172.0       2              
2210359.0  1172.0       2              
2220367.0  8000.0       2              
2227533.0  83.12        2              
2227533.0  7500.0       2              
2241683.0  1500.0       2              
2248174.0  1500.0       2              
2262511.0  1000.0       2              
2262511.0  10000.0      2              
2277846.0  4000.0       2              
2286775.0  1500.0       2              
2286775.0  10000.0      2              
3000277.0  1204.0       2              
3006779.0  1204.0       2              
3007850.0  1204.0       2              
3008526.0  1204.0       2              
3016224.0  1204.0       2              
3035048.0  1204.0       2              
3038850.0  1204.0       2              
3042522.0  1204.0       2              
3043347.0  1204.0       2              
3047984.0  1204.0       2              
3050690.0  1204.0       2              
3053062.0  1204.0       2              
3068593.0  1204.0       2              
3071981.0  1204.0       2              
3075965.0  1204.0       2              
3076479.0  1204.0       2              
3079654.0  1204.0       2              
3090146.0  1204.0       2              
3100634.0  1204.0       2              
3103301.0  1204.0       2              
3105775.0  602.0        2              
3125171.0  1204.0       2              
3125304.0  1204.0       2              
3133779.0  1204.0       2              
3137431.0  1204.0       2              
3140888.0  1204.0       2              
3141835.0  1204.0       2              
3143793.0  1204.0       2              
3144670.0  1204.0       2              
3146197.0  1204.0       2              
3146671.0  1204.0       2              
3148279.0  1204.0       2              
3149933.0  1204.0       2              
3150325.0  1204.0       2              
3153801.0  1204.0       2              
3156096.0  1204.0       2              
3157425.0  1204.0       2              
3162581.0  1204.0       2              
3166102.0  1204.0       2              
3166365.0  1204.0       2              
3167226.0  1204.0       2              
3170629.0  1204.0       2              
3171574.0  1204.0       2              
3171778.0  1204.0       2              
3174646.0  1204.0       2              
3178613.0  1204.0       2              
3181284.0  1204.0       2              
3196904.0  1204.0       2              
3198289.0  1204.0       2              
3254353.0  1000.0       2              
3254353.0  1200.0       2              
3254353.0  1800.0       2              
4023587.0  1204.0       2              
4031494.0  1204.0       2              
4037199.0  1204.0       2              
4041055.0  1204.0       2              
4041886.0  1204.0       2              
4042068.0  1204.0       2              
4044981.0  1204.0       2              
4049000.0  1204.0       2              
4052004.0  1204.0       2              
4055082.0  1204.0       2              
4073123.0  1204.0       2              
4085358.0  1204.0       2              
4114903.0  1204.0       2              
4119705.0  1204.0       2              
4122551.0  1204.0       2              
4123512.0  1204.0       2              
4125146.0  1204.0       2              
4130443.0  1204.0       2              
4131276.0  1204.0       2              
4131417.0  1204.0       2              
4137419.0  1204.0       2              
4138171.0  1204.0       2              
4138498.0  1204.0       2              
4138969.0  1204.0       2              
4139173.0  1204.0       2              
4140827.0  1204.0       2              
4145001.0  1204.0       2              
4147940.0  1204.0       2              
4149044.0  1204.0       2              
4150329.0  1204.0       2              
4153019.0  1204.0       2              
4154625.0  1204.0       2              
4157833.0  1204.0       2              
4158394.0  1204.0       2              
4159243.0  1204.0       2              
4160249.0  1204.0       2              
4160395.0  1204.0       2              
4161770.0  75.0         2              
4162046.0  1204.0       2              
4162192.0  1204.0       2              
4163897.0  1204.0       2              
4165852.0  1204.0       2              
4165911.0  1204.0       2              
4170413.0  1204.0       2              
4181834.0  1204.0       2              
4182847.0  1204.0       2              
4183076.0  1204.0       2              
5006168.0  1204.0       2              
5020238.0  1204.0       2              
5024852.0  1204.0       2              
5027513.0  1204.0       2              
5069017.0  1204.0       2              
6097196.0  660.0        2              
duplicated_claim_combinations
-----------------------------
241                          
orphan_claim_records
--------------------
195                 
orphan_policy_ids
-----------------
6                
IDpol      claim_records  total_claim_amount
---------  -------------  ------------------
2262511.0  66             151800.59         
2282134.0  36             330920.05         
2227533.0  25             64093.76          
2220367.0  24             84441.63          
2277846.0  23             73440.72          
2286775.0  21             84017.43          
mismatched_policies
-------------------
9117               
difference  policy_count
----------  ------------
1           8609        
2           485         
3           20          
4           2           
11          1           
invalid_exposure_zero_or_negative  exposure_over_one  negative_claim_count  underage_drivers  negative_vehicle_age  invalid_density
---------------------------------  -----------------  --------------------  ----------------  --------------------  ---------------
0                                  1224               0                     0                 0                     0              
invalid_claim_amount  minimum_claim_amount  maximum_claim_amount  average_claim_amount
--------------------  --------------------  --------------------  --------------------
0                     1.0                   4075400.56            2278.53638199632    
DrivAge  policy_count
-------  ------------
90       167         
91       121         
92       66          
93       55          
94       32          
95       24          
96       15          
97       10          
98       5           
99       70          
100      3           
VehAge  policy_count
------  ------------
40      16          
41      8           
42      13          
43      15          
44      15          
45      12          
46      19          
47      14          
48      17          
49      12          
50      8           
51      4           
52      6           
53      2           
54      2           
55      1           
59      2           
60      1           
62      1           
63      1           
64      1           
65      2           
66      2           
68      2           
69      4           
70      3           
71      1           
76      1           
78      1           
79      1           
80      3           
81      3           
82      1           
83      2           
84      1           
85      1           
99      23          
100     25          
Area  policy_count
----  ------------
A     103957      
B     75459       
C     191880      
D     151596      
E     137167      
F     17954       
VehGas   policy_count
-------  ------------
Diesel   332136      
Regular  345877      
Region  policy_count
------  ------------
R11     69791       
R21     3026        
R22     7994        
R23     8784        
R24     160601      
R25     10893       
R26     10492       
R31     27285       
R41     12990       
R42     2200        
R43     1326        
R52     38751       
R53     42122       
R54     19046       
R72     31329       
R73     17141       
R74     4567        
R82     84752       
R83     5287        
R91     35805       
R93     79315       
R94     4516        
IDpol      ClaimAmount
---------  -----------
1120377.0  4075400.56 
110846.0   1403057.4  
2141337.0  1301172.6  
3122016.0  774411.5   
2008127.0  390742.27  
3025890.0  369131.88  
1117644.0  307096.42  
158309.0   301635.49  
3075820.0  287423.0   
3150210.0  281897.49  
4169019.0  276643.0   
1096763.0  255013.03  
2206511.0  241171.16  
2282134.0  226501.12  
4159792.0  211204.0   
3103319.0  209695.87  
3059946.0  208472.6   
1067220.0  205432.05  
2070262.0  205132.0   
2202813.0  203172.0   
